"y"
1.26272833363814
6.7355514845219
6.08312312673561
4.15093660664748
13.8220000603599
10.527025416234
-0.451077583019122
-3.52109325053401
-6.85680262745172
-0.0831647405726432
5.90980529367954
-1.26076087424591
-12.0196547812794
-5.2407851114297
-0.76836277088734
-0.222028398741593
-8.66410970827553
-4.15684319288432
3.23270610016359
10.5720092380748
4.25389174255291
-0.65306084950663
1.2182439019138
2.87644818735005
-3.29937499109066
-9.61406217885517
-1.66399576954931
-4.59485599923122
2.94935223028066
-0.0748834326597558
0.0799237210286715
-4.88974684686766
-5.90213410717918
1.14295698721216
-7.72709192969197
0.899642813900761
12.5600039625683
-1.08504627501669
11.1611412892941
-6.95467086011639
6.53032917894605
2.57274523411183
-0.340137574265654
-2.01578639961561
-0.778722315274705
-2.94836526367661
5.97799841807242
-2.9720885324975
2.5006076848016
-1.97105785948806
10.2784575518265
-3.21704892850591
-0.933066691097218
-4.52422725510625
4.72401456468869
-8.25662299874221
-10.1501537754412
5.25857129772601
-1.41704663273151
-1.47704607882328
3.31735087235562
1.36185108323718
-1.68690840882331
-4.1635556744923
5.54871636222506
5.50268911862363
7.92982165621531
-2.85296709672991
-14.3806328230531
-14.9499944245844
7.38811921872791
-3.22552271100598
9.51262564496042
0.459207674585565
0.825333744308757
-2.91080470761488
-1.18714202967538
2.47863775537549
-9.63086303084626
-0.22573866755742
-1.37935313179629
5.69591049818551
-5.93712539782611
-3.69631412348437
-0.647097076826919
11.4247741661568
-0.194419681988084
-4.14321408043491
-4.62813826337198
4.49463148679841
2.23377378293798
3.81969616433603
-13.4886428798365
4.16287216339033
3.86767314592735
2.06592068088411
-6.58327789940338
3.1222496140781
0.129344855371767
-5.52513979124903
-4.32039707001872
-2.71563314454135
3.65283438944621
-0.0838929888442579
9.53359108322258
-2.64485757773041
-2.25879167813416
4.36339670577075
2.02661704801895
-5.21007101709024
-1.88237283531039
4.16689332593934
-4.94627575701277
6.07454310586896
-0.0730326973774751
-10.9716630534581
-17.9375670056227
-13.01331412793
11.554802842088
-5.31113963722096
-9.59880593425488
11.0942301527757
8.91599390940246
8.16371040242111
-6.16608926553616
2.78270669317394
-1.3599288721102
1.47345651308999
1.96397682040436
-8.79547275109749
7.27514277932731
5.67123321491606
1.58891279861933
-8.35673584953504
-3.57457721372907
2.55409082511625
-3.05190135652277
-3.91944019591886
6.97902189372295
3.73006668349564
-0.287595823941208
-4.80980404745092
1.55299752746883
9.67785468447523
-6.85470126685042
0.941084782866932
-6.39226980395551
8.484839397074
-8.41035094700498
-9.01919495067157
-1.83878809869982
2.42268060052874
5.22170627221502
-9.30932328574502
4.74934380339065
8.69739771029861
-1.32292006837483
1.20997297066445
-10.1725494981152
-2.71458299153306
4.25329070511799
-10.5241210763545
1.86032858497087
10.3441299272358
5.40595475846939
3.10850819605818
-5.83375067863589
3.71823767119972
3.02440169445478
-1.50196092096113
4.56242509685603
8.85162995234525
-1.09257649181399
-1.15389208276405
14.7999563684041
-6.9646352212414
3.17695514688899
0.298295467628385
7.89310371818556
7.9162876050536
-8.72235892663031
-2.84552719475875
0.495834012862202
-3.31115432475453
1.98187667602975
0.813891310626938
0.885494832834266
-1.7211768402046
2.53246072349956
1.56515752326211
14.054467211725
-4.36350256856792
11.227785023027
-11.7001764539981
2.79089360022516
-7.07253646269775
-0.0595858640404403
-6.33568506041894
1.1677170521315
-2.12892858720171
