"y"
22.2319122635104
23.5196781950368
22.4675924491646
26.7984947515829
1.56666351175015
-27.8807357422085
-22.3195768240466
-6.9343818100972
6.98210058977288
21.5749076306216
-5.18457856940254
-13.9906279406358
-22.3686952739668
27.5573060320068
-16.1174799849433
14.2234187390116
-33.3654621018127
-23.1995084868798
-11.9988489782094
-31.5725075427756
-14.4554908049224
-21.0319831508248
10.0730315301772
16.2560397535592
28.9287118547675
-25.2539891361414
-3.55794263496032
1.6703534138208
-19.6444945224844
8.95478220624657
22.4685372732987
-5.25178237175874
17.470226702253
-4.79717136902511
-32.7228320492856
2.58379878320036
28.9914991027946
9.40733300650744
-4.12160296528839
-22.2345079712356
-3.1768749373293
-29.7117209433414
-21.533356382966
-10.9284122733977
4.41622255623821
6.52669520608601
19.3340277068733
-13.5489068785213
29.9530317420043
-2.86798602415441
2.72471524043715
0.0611719926563796
-17.1658884136202
-19.6413898843526
13.2610146004941
0.431586696644438
21.8567868194835
22.1896762965768
-11.2818086192544
-27.9659000335831
23.9818423519374
-6.21571222715196
2.83438035341934
13.2225935777003
-17.7521296841524
-9.96205079830404
-14.2238452501975
3.89600190882552
-28.671319406405
-21.4356560624296
23.7203910018676
-6.32135862536965
36.1519640706188
4.13473420474032
-14.1188247734509
26.7949097194663
-0.885188263189619
22.4299000161939
4.13297322661109
2.92428459486084
-41.7298289329437
33.1007245718263
-33.7545712433355
30.9255859905959
15.4941341059309
13.8501645749503
14.8025242224025
26.6969720914109
7.57802386559197
-37.5303361047971
-3.93024665420376
16.5664581173869
-17.023484770643
-2.89658960515244
4.71224067750189
13.2066000929838
-17.8943724175259
8.10437823417944
7.0224400898853
34.5993602659852
-29.1439616568021
-37.4356050488345
32.2711509311426
3.02998167490309
-2.8526768926171
35.8986262212352
17.6555145985503
-0.0806891666346408
-4.52951401132208
-37.2482587973751
25.1109316508559
-34.1006314235072
-16.0420232149062
29.0921975104492
-9.21566391389319
-6.68445162134449
5.89874328943977
-35.9025387722991
3.50939824476424
11.0495565010282
33.9750094637876
15.0665081046533
-36.185887405442
-10.804454006838
-1.33429696933582
27.9028738406194
-2.0537698597964
11.8946871475367
2.2462124048063
-12.0244642985594
7.12118273731071
4.87116934967123
-1.04068491916141
-37.4495106477949
-19.67111798389
13.0668347936538
9.90179802678494
-3.17347592373068
-3.65014886109972
-13.3412848905756
18.7246352597139
-8.27537434407414
34.8034720934058
15.9982330198114
11.6431462381753
21.7563232490447
-39.8677647308705
-10.3298301727804
-9.10289267862954
-8.71522786740416
-8.8352887904276
-21.5731469037971
28.6125514015358
-16.8607078993138
58.1597169456218
21.0153475395997
11.2149579362358
-2.47119379862986
-7.44998995384936
-0.303431917911797
1.34520622665128
-10.9355442899875
12.5672859471753
40.0918934955959
4.75493631378614
29.721677770167
-4.04375933163007
-0.330929859970925
4.43074081701076
-54.4578982318397
-18.5460351006096
-5.65620320186589
4.72027669087995
12.0009992284279
44.4255360577244
5.5247173156378
-0.170557571686259
-41.5693126559954
2.43232447568977
3.30592721901496
-28.2415402515933
21.3135315905759
-18.2945641821042
20.0825069637752
-3.08242186214803
7.56409030942813
8.42487856379377
4.21348999220445
-24.7507262877926
15.9517409630731
5.79705965884432
-6.48873582258501
57.1723243783113
-21.2240434375928
11.8073680764894
18.3000278917657
-34.0409905463813
34.5511630856549
-33.6945051458205
-19.7848532563244
